39.9288 116.3889
39.91691 116.39706
34.7725 113.7266
35.69 139.69
22.3137 114.1837
22.35 114.1333
30.08605 -94.10185
39.1423 117.1726
31.0449 121.4012
23.7121 90.4598
23.7 90.375
24.9328 91.8739
10.63167 -71.64056
1.28967 103.85007
56.88562 -134.16256
20.0 77.0
22.9524 90.9457
23.6135 90.503
18.9721 72.8246
52.3824 4.8995
51.50853 -0.12574
19.07283 72.88261
23.1783 89.231
33.44838 -112.07404
47.0 8.0
37.751 -97.822
51.2993 9.491
32.78306 -96.80667
34.05223 -118.24368
39.04372 -77.48749
32.84707 -96.85195
32.0 -5.0
34.0138 -6.8443
43.26271 -2.92528
39.46975 -0.37739
-20.2833 57.55
-4.05 39.6667
-25.9653 32.5892
-1.2841 36.8155
43.2907 5.4384
-18.25 35.0
33.521 -86.8066
38.94877 -77.4491
43.00035 -75.4999
35.2132 -80.8231
42.65258 -73.75623
39.6463 -105.0092
51.4964 -0.1224
28.4338 -81.3472
33.6512 -117.5938
30.33218 -81.65565
28.53834 -81.37924
30.43826 -84.28073
40.77607 -73.87269
40.73566 -74.17237
47.23333 22.65
17.61306 121.72694
59.3247 18.056
-14.31667 -67.38333
12.60023 -61.41165
46.28302 -96.07756
47.1449 8.1551
50.11552 8.68417
38.12311 -89.70177
27.25251 86.67168
32.08414 34.79995
-8.1075 159.577
55.7386 37.6068
63.1792 14.6357
42.76537 -71.46757
53.48095 -2.23743
26.55695 31.69478
55.67594 12.56553
-26.20227 28.04363
47.50012 -120.50147
48.20849 16.37208
52.22977 21.01178
51.4856 -0.1028
52.37403 4.88969
51.8066 4.0271
37.5112 126.9741
47.60621 -122.33207
16.0 106.0
37.4954 127.0621
1.3667 103.8
30.03593 -90.02561
13.0843 80.2805
17.4113 78.4935
22.2909 114.15
-18.3367 130.638
22.25 114.1667
8.13397 -5.0653
59.5 18.0
28.6014 77.1989
25.04776 121.53185
-6.175 106.8286
41.6387 -88.4438
-15.64577 141.84521
38.73222 35.48528
36.295 -80.356
41.85003 -87.65005
40.48622 -74.45182
38.62727 -90.19789
41.4995 -81.69541
35.7721 -78.63861
42.3751 -71.10561
39.95233 -75.16379
39.96118 -82.99879
39.73915 -104.9847
-7.88771 147.14109
32.831 -96.7692
8.40207 48.48284
36.9797 -121.8902
33.749 -84.38798
39.84031 -88.9548
29.95465 -90.07507
42.19592 -73.36206
41.8777 -87.6376
35.22709 -80.84313
42.73698 -84.48387
34.0903 -118.3749
30.3981 -91.9263
45.66293 7.85791
45.52345 -122.67621
33.5119 -101.9316
32.9865 -96.686
34.69374 135.50218
29.76328 -95.36327
37.33939 -121.89496
23.1167 113.25
17.4168 78.4384
-26.2309 28.0583
43.29695 5.38107
-29.0 24.0
53.3472 -6.2439
-1.32172 36.81483
34.9336 -79.7666
39.2051 -85.9324
39.7821 -86.0495
41.97959 -87.90446
33.7991 -117.9956
25.77427 -80.19366
39.0481 -77.4728
34.0447 -118.2946
40.78343 -73.96625
40.4165 -3.70256
48.85341 2.3488
41.38879 2.15899
40.7157 -74.0
34.94957 -81.93205
10.59901 -66.9346
40.40225 -3.71029
50.08804 14.42076
36.16589 -86.78444
-23.63 -46.6322
38.85233 -77.0372
51.5142 -0.0931
-33.86785 151.20732
37.35411 -121.95524
43.1479 12.1097
50.85045 4.34878
42.33143 -83.04575
41.6614 -83.5249
41.708 -83.7068
37.44188 -122.14302
40.4172 -3.684
46.0 25.0
4.60971 -74.08175
40.63983 -73.77874
34.1103 -81.1966
33.9526 -84.54993
-33.92584 18.42322
5.48361 -74.6574
42.6847 -73.7354
45.46427 9.18951
49.61167 6.13
48.13743 11.57549
48.58392 7.74553
47.36667 8.55
44.80401 20.46513
42.69751 23.32415
41.3275 19.81889
50.75 4.5
47.6144 -122.3447
53.33306 -6.24889
44.43225 26.10626
41.01384 28.94966
53.41058 -2.97794
53.57532 10.01534
59.33258 18.0649
48.14816 17.10674
37.38283 -5.97317
41.14961 -8.61099
28.05155 9.64291
45.74846 4.84671
44.84044 -0.5805
47.49801 19.03991
59.3111 -2.5905
45.16667 5.71667
48.8607 2.3281
45.5608 -94.16249
52.5323 13.3846
53.79391 -8.91961
30.0778 31.2852
30.0355 31.223
28.3724 -16.7119
45.43713 12.33265
51.2955 -0.7908
51.47115 -0.45649
42.35843 -71.05977
-17.3883 144.16901
46.2503 102.802
40.94782 -90.37124
27.71722 109.18528
-20.84399 144.20035
26.25 105.93333
-12.04318 -77.02824
59.95 10.75
-3.80044 102.26554
-17.06667 15.73333
10.16202 -68.00765
71.98002 102.47111
-36.0 -60.0
-35.3833 -62.4167
-40.1 -64.4333
-23.4473 -46.9172
-22.0 -49.0
-22.1333 -56.5167
21.0 57.0
23.6182 58.5945
51.477 -0.1959
47.6723 9.1834
41.0214 28.9948
51.4 6.6
-5.08917 -42.80194
-2.0341 147.27173
4.5981 -74.0758
13.8333 -88.9167
13.7189 -89.7242
4.6493 -74.0617
30.3125 -95.4527
36.144 -80.2376
32.5817 -97.1399
40.4406 -109.5469
48.8582 2.3387
42.06246 -104.18439
44.1915 -78.0575
37.93524 -109.34176
38.89511 -77.03637
25.2925 51.5321
16.24125 -61.53614
38.9208 -77.036
42.3996 -71.1246
63.73278 -148.91417
19.681 -99.085
30.1204 -81.4128
48.91667 2.38333
33.5922 -7.6184
37.0798 -79.3
26.1792 -80.1749
23.5 121.0
44.7499 -93.2081
10.0 -84.0
59.3 18.05
31.75872 -106.48693
44.8769 -93.2535
42.59726 -82.87798
19.42847 -99.12766
19.4371 -99.0111
57.4872 12.0761
25.67507 -100.31847
19.0439 -98.1984
14.64072 -90.51327
19.0393 -98.3343
33.8336 -84.3797
19.4342 -99.1386
21.123 -101.66
-25.3667 141.933
40.67693 -77.62746
25.0 45.0
24.6537 46.7152
44.0 21.0
52.1252 5.0309
42.0 43.5
35.6798 139.6743
13.5 -15.5
-22.6939 117.7931
29.9359 -95.4014
29.3375 47.6581
30.1759 -83.0304
15.5 -90.25
42.558 -82.998
26.20341 -98.23001
27.50641 -99.50754
25.4167 -101.0167
-2.20584 -79.90795
30.2687 -81.7473
45.50884 -73.58781
19.4168 -99.5587
42.3489 -71.0465
25.6554 -100.3258
26.2516 -98.2271
20.66682 -103.39182
20.58806 -100.38806
26.35869 -80.0831
26.3481 -80.1104
41.66394 -83.55521
41.68338 -86.25001
39.11417 -94.62746
40.44062 -79.99589
53.79648 -1.54785
31.4782 -100.4818
29.42412 -98.49363
9.17189 -83.33417
39.0006 -77.1003
34.4179 -117.3064
42.88645 -78.87837
43.25011 -79.84963
44.0354 -75.754
49.282 -123.1103
47.6254 -122.0462
33.9367 -83.9573
47.6174 -122.1426
44.97997 -93.26384
40.1702 -76.4168
36.17497 -115.13722
43.68066 -79.61286
41.4712 -81.5248
30.26715 -97.74306
31.7212 -106.4624
-33.0 -56.0
36.15398 -95.99277
39.162 -84.45689
37.55376 -77.46026
37.2563 -80.4347
38.93 -77.35
37.77493 -122.41942
43.6644 -79.4195
56.29694 -134.66167
40.76078 -111.89105
35.14953 -90.04898
35.46756 -97.51643
8.0 -2.0
30.1441 -95.4703
43.0389 -87.90647
38.8452 -77.4651
32.22174 -110.92648
32.29876 -90.18481
34.086 -98.5708
10.48801 -66.87919
25.6666 -80.4036
34.0409 -84.0237
33.6926 -84.2509
50.345 30.89472
42.3737 -71.1284
42.26259 -71.80229
40.4325 -79.863
11.5 43.0
6.4474 3.3903
11.58901 43.14503
34.9947 -81.2245
-34.82222 -58.53583
42.47926 -71.15228
38.97167 -95.23525
52.2 0.11667
52.52437 13.41053
39.89095 -75.07295
24.5615 -81.7818
25.8489 -80.145
37.5828 -75.8066
32.44874 -99.73314
43.6319 -79.3716
-21.10044 55.60206
34.7599 -79.4673
32.73569 -97.10807
40.8317 -73.9738
-34.6075 -60.0673
-39.9333 -71.0833
-42.9115 -71.3195
-34.6033 -58.3817
-50.4069 -71.8267
-28.9 -62.2667
24.4577 89.708
34.01325 -6.83255
-13.11667 -60.54167
37.80923 -85.4669
1.4655 103.7578
-19.15 -51.75
-15.4447 145.18401
36.13635 -80.22817
41.6677 -72.1681
41.7982 -71.8807
34.59593 -92.48905
37.36883 -122.03635
42.8984 -78.5257
18.25 -77.5
40.7347 -73.723
38.0964 -78.9929
41.4319 -79.6916
39.7501 -104.9957
28.1091 -80.5787
-17.7486 139.534
53.5039 -2.1959
35.7806 -5.8136
40.85631 14.24641
14.0 -14.0
-22.8305 -43.2192
-23.6636 -46.4466
19.79344 -70.6884
14.5955 120.9721
-27.7333 -64.25
-23.0 -58.0
-25.2927 -57.6157
20.2329 85.8353
40.1524 -82.882
-23.5475 -46.63611
54.68916 25.2798
56.946 24.10589
59.43696 24.75353
60.16952 24.93545
27.94752 -82.45843
51.05011 -114.08529
49.24966 -123.11934
29.9658 -96.2531
49.8844 -97.14704
45.81444 15.97798
41.25861 -95.93779
51.22172 6.77616
41.82399 -71.41283
19.625 -99.1425
33.74557 -117.86783
35.6961 51.4231
29.3659 47.9828
12.0 -15.0
5.5502 -0.2174
20.0 -12.0
-30.7667 -57.9833
39.91667 32.83333
-33.47269 -70.64724
9.9295 -84.0884
15.0 -86.5
42.73253 -84.55553
51.1085 17.0312
55.6769 37.2731
56.003 92.7993
40.3909 49.8759
58.8706 57.5933
55.7527 37.6172
-3.71722 -38.54306
-25.42778 -49.27306
15.38083 73.83142
-19.92083 -43.93778
-23.43057 -46.48101
11.08785 105.79935
-15.77972 -47.92972
21.0873 -86.8953
19.1091 -104.2606
18.0001 -93.088
18.1503 -92.8609
20.8796 -103.8467
23.9168 -104.9521
19.34 -99.1568
20.7594 -100.4324
25.7574 -100.3123
25.6572 -100.4027
19.3173 -99.0867
18.4657 -69.894
-34.4166 -58.8712
-32.94682 -60.63932
-32.89084 -68.82717
38.02931 -78.47668
41.3847 -81.7982
42.88344 -124.07315
13.16667 -59.53333
37.58333 127.0
45.5307 -73.5547
49.4285 32.0621
47.0862 7.5273
40.6959 -80.01173
57.35 12.1167
32.1658 34.8367
46.47747 30.73262
25.06729 -77.96937
38.5267 27.785
41.018 28.9745
50.22387 12.19499
51.37 0.0233
53.58333 10.0
52.2777 -0.8284
57.1378 -2.1663
32.0886 34.8722
33.71039 73.13382
9.5 2.25
8.0 1.1667
18.66667 -10.33333
48.2 16.3667
55.4311 37.5461
43.6 39.7303
25.0657 55.17128
24.0 54.0
58.6 125.38
51.4014 -0.9201
-22.79865 -43.23077
-9.64167 161.425
25.5 51.25
25.27932 51.52245
3.14309 101.68653
32.81841 34.9885
-22.0 17.0
1.0 38.0
32.71533 -117.15726
34.00043 -81.00009
31.7074 -86.2566
40.7961 -81.3798
42.00833 -91.64407
44.81892 20.45998
15.50417 -88.025
59.20556 24.0125
60.4291 9.46611
43.73141 7.41903
-17.0 -65.0
-38.89916 -70.05442
25.7606 -97.9483
9.0 -80.0
-33.494 143.2104
-33.7024 151.0993
37.7354 -122.4571
37.3931 -121.962
18.24829 -66.49989
32.84755 -115.56944
39.29038 -76.61219
40.31119 -78.32418
47.1464 -122.4572
51.53083 4.46528
39.6699 -75.7151
31.8378 -106.538
39.9564 -85.9651
41.4535 -74.4774
33.8992 -84.8572
59.3993 18.0562
55.76167 37.60667
62.0339 129.7331
-2.0 -77.5
7.167 37.167
59.9119 10.7336
47.41667 8.66667
45.45186 9.14586
-32.73308 151.5574
59.93863 30.31413
55.7458 38.8497
52.2253 20.9925
48.8939 2.2886
29.88327 -97.94139
27.80058 -97.39638
41.57028 120.45861
-18.9933 139.907
37.8437 -122.1242
18.4667 -77.9167
35.9112 -78.9178
36.1754 -95.9112
46.1954 -123.3627
43.0592 -73.7356
41.66667 2.0
43.88061 144.16405
25.0865 -80.4473
33.7655 -84.6469
56.1211 101.1817
44.2051 27.3136
31.54933 -97.14667
35.8651 -80.8858
19.83803 -90.5277
30.2721 -97.6868
34.00071 -81.03481
34.1566 -97.1792
43.5727 -71.4781
42.28343 -71.23283
33.74585 -117.82617
10.0 8.0
51.261 22.5456
38.5172 -2.6109
50.45466 30.5238
50.0766 14.5148
12.63067 53.90578
40.7465 -73.909
28.6344 -81.6221
26.0276 -80.2528
18.0333 -77.5
41.92926 -72.62731
45.4473 -73.75335
37.8085 -122.2668
49.01278 2.55
37.3861 -122.0839
46.9996 -120.5163
27.5569 -99.4907
2.57969 -72.63936
42.7273 -73.6696
35.43333 -79.78333
35.5189 -97.5354
42.43343 -71.44951
40.1215 -75.3399
-27.75796 29.9318
40.20789 -75.07267
40.63371 -74.40737
26.33981 -81.7787
41.91667 -72.55
40.48643 -86.1336
41.89947 -87.94034
47.44984 141.99064
42.24087 -83.26965
38.88511 -76.91581
40.34785 -79.86422
39.09112 -94.41551
42.63892 -83.29105
44.83141 9.41722
38.75212 -121.28801
39.38372 -76.43218
22.03593 82.64248
31.44815 -109.92841
34.74648 -92.28959
26.23786 -80.12477
51.06513 -1.3187
33.47097 -81.97484
42.05915 -95.09805
38.58157 -121.4944
33.92454 -86.02247
36.74773 -119.77237
35.08449 -106.65114
41.8847 -78.3308
47.58958 7.52991
47.253 8.7721
-5.38532 27.00029
55.8225 37.3181
59.91273 10.74609
55.7123 12.0564
51.1695 0.2369
42.70048 -74.92426
-1.87579 125.83
49.4 13.0333
45.354 11.98225
26.0 50.55
62.3833 17.3
-17.44778 47.50291
-14.46517 132.26347
